[258.356, 230.494]   [325.451, 223.476]
[542.232, 396.804]   [440.869, 428.859]
[433.354, 508.639]   [354.387, 511.415]
[344.787, 516.168]   [302.068, 505.781]
[109.711, 562.151]   [142.392, 515.705]
[42.2112, 616.224]   [80.9126, 558.643]
[311.32, 618.581]   [256.351, 594.223]
[359.948, 210.531]   [389.959, 228.804]
[351.583, 226.682]   [380.792, 241.639]
[340.704, 239.046]   [371.459, 250.15]
[418.09, 246.942]   [411.993, 274.492]
[407.798, 265.329]   [401.999, 288.927]
[666.095, 268.258]   [532.635, 340.331]
[125.444, 274.541]   [229.999, 234.242]
[365.509, 288.515]   [372.125, 300.957]
[291.052, 292.331]   [328.436, 288.987]
[607.424, 337.537]   [488.036, 388.601]
[434.57, 338.24]   [398.514, 358.971]
[478.364, 340.689]   [421.387, 369.055]
[486.813, 340.587]   [425.97, 370.509]
[364.082, 341.589]   [358.025, 349.078]
[444.852, 347.123]   [401.453, 368.821]
[400.134, 358.867]   [373.8, 371.529]
[575.3, 374.26]   [462.878, 414.509]
[498.555, 402.714]   [415.97, 426.885]
[466.157, 477.357]   [380.614, 487.534]
[443.695, 478.509]   [367.654, 486.211]
[494.214, 478.795]   [395.22, 493.349]
[69.8273, 479.983]   [136.727, 429.182]
[519.147, 482.229]   [407.709, 499.618]
[519.146, 485.972]   [406.374, 502.45]
[493.129, 486.497]   [393.117, 499.379]
[573.901, 516.784]   [426.59, 536.242]
[151.589, 530.537]   [179.156, 490.918]
[151.388, 555.863]   [171.488, 515.232]
[96.7701, 562.381]   [133.221, 513.332]
[120.074, 564.339]   [149.088, 518.927]
[63.2185, 571.316]   [108.053, 516.972]
[195.25, 581.289]   [194.111, 546.426]
[72.2043, 595.397]   [107.793, 542.595]
[18.8855, 610.918]   [65.553, 550.196]
[103.278, 611.057]   [124.488, 561.845]
[360.229, 612.644]   [287.788, 593.473]
[57.0425, 627.021]   [88.0725, 571.769]
[99.4122, 628.368]   [117.189, 579.093]
[103.081, 632.429]   [118.383, 583.468]
[698.43, 25.6437]   [607.067, 143.136]
[529.797, 187.349]   [486.349, 245.653]
[401.676, 189.724]   [418.592, 219.465]
[400.201, 207.514]   [412.963, 234.809]
[226.628, 236.029]   [305.05, 221.113]
[387.495, 241.223]   [396.827, 263.197]
[493.59, 251.232]   [451.261, 293.277]
[550.619, 254.074]   [479.97, 307.517]
[415.613, 261.386]   [407.12, 287.321]
[392.998, 267.725]   [393.181, 287.453]
[460.773, 279.84]   [427.537, 312.365]
[301.795, 309.981]   [330.368, 308.109]
[608.493, 333.255]   [489.621, 384.731]
[439.368, 340.626]   [399.959, 362.397]
[394.409, 343.506]   [374.52, 356.527]
[519.443, 346.259]   [441.669, 381.155]
[377.372, 354.738]   [362.034, 363.644]
[480.284, 377.548]   [413.084, 402.031]
[443.388, 379.23]   [392.272, 397.18]
[366.553, 382.565]   [349.156, 386.93]
[642.823, 405.951]   [487.792, 451.866]
[523.108, 409.757]   [427.552, 437.07]
[538.943, 456.891]   [424.068, 480.566]
[513.306, 477.099]   [405.134, 494.628]
[460.957, 479.254]   [376.31, 488.971]
[456.97, 483.241]   [373.74, 491.921]
[453.69, 509.298]   [365.367, 514.785]
[402.777, 511.13]   [336.928, 508.908]
[155.388, 553.974]   [175.267, 513.686]
[80.686, 589.989]   [114.909, 538.471]
[110.623, 600.183]   [132.964, 552.651]
[52.2095, 605.241]   [91.1153, 549.192]
[42.1314, 607.318]   [83.4515, 549.475]
[43.8312, 611.727]   [82.0581, 555.011]
[48.6355, 611.579]   [86.4021, 555.223]
[58.6364, 618.916]   [91.4487, 563.99]
[27.7159, 619.538]   [69.6402, 559.764]
[370.234, 619.842]   [291.457, 601.731]
[59.7001, 623.564]   [90.8132, 568.586]
[40.5045, 624.49]   [77.1444, 566.953]
[107.16, 631.96]   [121.681, 583.87]
[304.86, 221.897]   [355.686, 226.862]
[226.079, 229.829]   [305.82, 216.474]
[231.195, 230.523]   [308.54, 217.576]
[419.812, 251.472]   [412.425, 278.076]
[483.919, 253.95]   [446.266, 294.203]
[419.301, 265.225]   [408.715, 291.503]
[459.32, 274.324]   [427.618, 308.195]
[384.294, 278.352]   [385.863, 295.686]
[278.915, 281.998]   [324.262, 276.98]
[375.014, 283.688]   [379.044, 298.84]
[357.967, 295.003]   [366.578, 305.371]
[318.656, 321.673]   [336.978, 323.015]
[608.689, 328.868]   [490.738, 381.805]
[649.832, 332.867]   [509.571, 390.968]
[475.29, 334.43]   [421.406, 363.185]
[507.486, 335.262]   [437.704, 370.442]
[493.223, 355.154]   [425.576, 384.958]
[358.952, 364.791]   [348.769, 370.572]
[606.648, 409.204]   [470.18, 449.123]
[363.012, 410.438]   [339.605, 411.652]
[367.311, 414.985]   [341.19, 416.376]
[507.827, 484.211]   [400.869, 499.502]
[440.449, 486.674]   [363.98, 492.868]
[263.265, 531.168]   [249.983, 508.446]
[221.222, 579.692]   [210.716, 547.847]
[83.0677, 586.19]   [117.089, 534.312]
[111.243, 600.383]   [132.964, 552.651]
[58.7121, 606.966]   [94.8293, 552.485]
[57.6051, 613.434]   [92.6609, 557.829]
[74.6987, 617.15]   [103.738, 565.124]
[63.4103, 618.113]   [95.3413, 562.705]
[341.566, 219.117]   [376.824, 232.106]
[426.207, 230.641]   [421.383, 261.067]
[436.424, 248.194]   [422.103, 280.439]
[389.898, 252.603]   [396.093, 273.64]
[468.767, 254.402]   [437.477, 292.239]
[265.948, 308.821]   [309.324, 299.866]
[434.85, 322.075]   [402.39, 344.674]
[483.848, 331.016]   [426.402, 363.282]
[500.1, 331.657]   [435.038, 366.401]
[507.926, 344.799]   [435.9, 378.007]
[346.173, 346.581]   [346.276, 351.292]
[417.623, 361.675]   [382.189, 378.503]
[385.654, 377.33]   [361.215, 385.914]
[276.499, 540.603]   [255.601, 519.352]
[103.348, 570.427]   [135.13, 522.327]
[72.4432, 599.212]   [106.347, 547.043]
[23.9019, 613.794]   [68.2205, 554.179]
[66.1716, 625.307]   [94.6399, 571.581]
[400.609, 174.843]   [420.969, 205.805]
[306.283, 242.589]   [350.381, 246.392]
[640.785, 245.006]   [526.246, 316.572]
[332.149, 245.727]   [364.466, 254.722]
[300.72, 249.85]   [345.893, 251.73]
[685.402, 256.32]   [544.996, 333.405]
[441.31, 261.945]   [420.739, 293.154]
[526.896, 343.654]   [445.888, 380.354]
[102.738, 597.708]   [127.882, 548.648]
[130.777, 628.868]   [138.934, 583.709]
[740.868, 183.852]   [586.885, 284.071]
[333.579, 234.26]   [367.829, 244.44]
[353.876, 235.855]   [379.61, 250.491]
[537.48, 264.274]   [470.8, 313.634]
[172.921, 216.457]   [276.469, 189.395]
[295.622, 222.05]   [349.766, 224.611]
[406.223, 236.635]   [408.733, 261.712]
[355.459, 343.417]   [352.842, 349.225]
[64.9894, 588.02]   [103.466, 534.107]
[332.859, 189.798]   [379.485, 203.266]
[283.651, 208.847]   [345.759, 208.367]
[778.065, 331.147]   [569.168, 409.628]
[373.54, 235.225]   [391.21, 254.088]
[304.965, 343.768]   [322.649, 341.711]
[470.253, 187.599]   [455.757, 232.887]
[702.316, 176.906]   [571.685, 270.382]
